4 x 4 x 2, p = 97, npru = 51

numsPerBlock = 4
numBlocks = 8

input:
0, 1, 2, 3, 4, 5, 6, 7, 8, 9, 10, 11, 12, 13, 14, 15, 16, 17, 18, 19, 20, 21, 22, 23, 24, 25, 26, 27, 28, 29, 30, 31

expected output:
11, 86, 80, 71, 1, 48, 5, 24, 20, 94, 18, 77, 26, 29, 46, 88, 81, 74, 19, 36, 39, 85, 47, 68, 45, 41, 60, 17, 64, 91, 82, 76

1. Load into shmem:
0, 8, 16, 24, 1, 9, 17, 25, 2, 10, 18, 26, 3, 11, 19, 27, 4, 12, 20, 28, 5, 13, 21, 29, 6, 14, 22, 30, 7, 15, 23, 31

2. FFT:
48, 20, 81, 45, 52, 20, 81, 45, 56, 20, 81, 45, 60, 20, 81, 45, 64, 20, 81, 45, 68, 20, 81, 45, 72, 20, 81, 45, 76, 20, 81, 45

3. Twiddle: 
48, 20, 81, 45, 52, 50, 94, 12, 56, 28, 54, 42, 60, 70, 95, 50, 64, 78, 36, 78, 68, 1, 31, 79, 72, 51, 24, 34, 76, 79, 53, 22

4. Load into shmem:
48, 56, 64, 72, 20, 28, 78, 51, 81, 54, 36, 24, 45, 42, 78, 34, 52, 60, 68, 76, 50, 70, 1, 79, 94, 95, 31, 53, 12, 50, 79, 22

5. FFT:
46, 20, 81, 45, 80, 18, 19, 60, 1, 26, 39, 64, 5, 46, 47, 82, 62, 20, 81, 45, 6, 45, 96, 53, 79, 17, 74, 12, 66, 64, 19, 93

6. Twiddle:
46, 20, 81, 45, 80, 18, 19, 60, 1, 26, 39, 64, 5, 46, 47, 82, 62, 78, 36, 78, 6, 30, 75, 66, 79, 76, 76, 79, 66, 75, 30, 6

7. Load into shmem
