8 x 2, p = 17, npru = 3

numsPerBlock = 8

input:
0, 1, 2, 3, 4, 5, 6, 7, 8, 9, 10, 11, 12, 13, 14, 15

expected output:
1, 8, 2, 15, 7, 4, 6, 5, 9, 13, 12, 14, 11, 3, 16, 10

1. load into shmem:
0, 2, 4, 6, 8, 10, 12, 14, 1, 3, 5, 7, 9, 11, 13, 15

2. FFT
5, 2, 7, 6, 9, 12, 11, 16, 13, 2, 7, 6, 9, 12, 11, 16

3. Twiddle (0, 0, 0, 0, 0, 0, 0, 0, 0, 1, 2, 3, 4, 5, 6, 7)
5, 2, 7, 6, 9, 12, 11, 16, 13, 6, 12, 9, 15, 9, 12, 6

4. Load into shmem
5, 7, 9, 11, 13, 12, 15, 12, 2, 6, 12, 16, 6, 9, 9, 6

5. Permutation (numRows = 8 / 2, numCols = 2)
5, 13, 7, 12, 9, 15, 11, 12, 2, 6, 6, 9, 12, 9, 16, 6

6. FFT
1, 9, 2, 12, 7, 11, 6, 16, 8, 13, 15, 14, 4, 3, 5, 10

7. Output right indices (0, 8, 2, 10, 4, 12, 6, 14 | 1, 9, 3, 11, 5, 13, 7, 15)
1, 8, 2, 15, 7, 4, 6, 5, 9, 13, 12, 14, 11, 3, 16, 10