8 x 4, p = 97, npru = 51

numsPerBlock = 8

input:
0, 1, 2, 3, 4, 5, 6, 7, 8, 9, 10, 11, 12, 13, 14, 15, 16, 17, 18, 19, 20, 21, 22, 23, 24, 25, 26, 27, 28, 29, 30, 31

expected output:
11, 86, 80, 71, 1, 48, 5, 24, 20, 94, 18, 77, 26, 29, 46, 88, 81, 74, 19, 36, 39, 85, 47, 68, 45, 41, 60, 17, 64, 91, 82, 76

1. Load into shmem:
0, 4, 8, 12, 16, 20, 24, 28, 1, 5, 9, 13, 17, 21, 25, 29, 2, 6, 10, 14, 18, 22, 26, 30, 3, 7, 11, 15, 19, 23, 27, 31

2. FFT
15, 1, 20, 26, 81, 39, 45, 64, 23, 1, 20, 26, 81, 39, 45, 64, 31, 1, 20, 26, 81, 39, 45, 64, 39, 1, 20, 26, 81, 39, 45, 64

3. Twiddle (0, 0, 0, 0, 0, 0, 0, 0, 0, 1, 2, 3, 4, 5, 6, 7, 0, 0, 2, 2, 4, 4, 6, 6, 0, 0, 0, 0, 4, 4, 4, 4)
15, 1, 20, 26, 81, 39, 45, 64, 23, 51, 28, 91, 54, 65, 42, 20, 31, 79, 78, 76, 36, 76, 78, 79, 39, 52, 51, 72, 24, 62, 34, 55

4. Load into shmem
15, 81, 23, 54, 31, 36, 39, 24, 1, 39, 51, 65, 79, 76, 52, 62, 20, 45, 28, 42, 78, 78, 51, 34, 26, 64, 91, 20, 76, 79, 72, 55

5. Permutation (numRows = 8 / 4, numCols = 4)
15, 23, 31, 39, 81, 54, 36, 24, 1, 51, 79, 52, 39, 65, 76, 62, 20, 28, 78, 51, 45, 42, 78, 34, 26, 91, 76, 72, 64, 20, 79, 55

6. FFT
11, 38, 81, 27, 1, 65, 39, 25, 86, 83, 74, 52, 48, 62, 85, 58, 80, 56, 19, 22, 5, 37, 47, 91, 71, 92, 36, 2, 24, 91, 68, 73