16 x 1
0, 1, 2, 3, 4, 5, 6, 7, 8, 9, 10, 11, 12, 13, 14, 15

8 x 2
0, 8, 2, 10, 4, 12, 6, 14, 1, 9, 3, 11, 5, 13, 7, 15

4 x 4
0, 4, 8, 12, 1, 5, 9, 13, 2, 6, 10, 14, 3, 7, 11, 15


32 x 1
0, 1, 2, 3, 4, 5, 6, 7, 8, 9, 10, 11, 12, 13, 14, 15, 16, 17, 18, 19, 20, 21, 22, 23, 24, 25, 26, 27, 28, 29, 30, 31

16 x 2
0, 16, 2, 18, 4, 20, 6, 22, 8, 24, 10, 26, 12, 28, 14, 30, 1, 17, 3, 19, 5, 21, 7, 23, 9, 25, 11, 27, 13, 29, 15, 31

8 x 4
0, 8, 16, 24, 4, 12, 20, 28, 1, 9, 17, 25, 5, 13, 21, 29, 2, 10, 18, 26, 6, 14, 22, 30, 3, 11, 19, 27, 7, 15, 23, 31

4 x 4 x 2
0, 16, 2, 18, 4, 20, 6, 22, 8, 24, 10, 26, 12, 28, 14, 30, 1, 17, 3, 19, 5, 21, 7, 23, 9, 25, 11, 27, 13, 29, 15, 31

2 x 2 x 2 x 2 x 2
0, 16, 8, 24, 4, 20, 12, 28, 2, 18, 10, 26, 6, 22, 14, 30, 1, 17, 9, 25, 5, 21, 13, 29, 3, 19, 11, 27, 7, 23, 15, 31

Permutation 1:
64 x 2
0, 64, 2, 66, 4, 68, 6, 70, 8, 72, 10, 74, 12, 76, 14, 78, 16, 80, 18, 82, 20, 84, 22, 86, 24, 88, 26, 90, 28, 92, 30, 94, 32, 96, 34, 98, 36, 100, 38, 102, 40, 104, 42, 106, 44, 108, 46, 110, 48, 112, 50, 114, 52, 116, 54, 118, 56, 120, 58, 122, 60, 124, 62, 126, 1, 65, 3, 67, 5, 69, 7, 71, 9, 73, 11, 75, 13, 77, 15, 79, 17, 81, 19, 83, 21, 85, 23, 87, 25, 89, 27, 91, 29, 93, 31, 95, 33, 97, 35, 99, 37, 101, 39, 103, 41, 105, 43, 107, 45, 109, 47, 111, 49, 113, 51, 115, 53, 117, 55, 119, 57, 121, 59, 123, 61, 125, 63, 127

Permutation 2:
8 x 8 x 2
0, 64, 2, 66, 4, 68, 6, 70, 8, 72, 10, 74, 12, 76, 14, 78, 16, 80, 18, 82, 20, 84, 22, 86, 24, 88, 26, 90, 28, 92, 30, 94, 32, 96, 34, 98, 36, 100, 38, 102, 40, 104, 42, 106, 44, 108, 46, 110, 48, 112, 50, 114, 52, 116, 54, 118, 56, 120, 58, 122, 60, 124, 62, 126, 1, 65, 3, 67, 5, 69, 7, 71, 9, 73, 11, 75, 13, 77, 15, 79, 17, 81, 19, 83, 21, 85, 23, 87, 25, 89, 27, 91, 29, 93, 31, 95, 33, 97, 35, 99, 37, 101, 39, 103, 41, 105, 43, 107, 45, 109, 47, 111, 49, 113, 51, 115, 53, 117, 55, 119, 57, 121, 59, 123, 61, 125, 63, 127

Permutation 3:
4 x 4 x 4 x 2
0, 64, 2, 66, 16, 80, 18, 82, 32, 96, 34, 98, 48, 112, 50, 114, 4, 68, 6, 70, 20, 84, 22, 86, 36, 100, 38, 102, 52, 116, 54, 118, 8, 72, 10, 74, 24, 88, 26, 90, 40, 104, 42, 106, 56, 120, 58, 122, 12, 76, 14, 78, 28, 92, 30, 94, 44, 108, 46, 110, 60, 124, 62, 126, 1, 65, 3, 67, 17, 81, 19, 83, 33, 97, 35, 99, 49, 113, 51, 115, 5, 69, 7, 71, 21, 85, 23, 87, 37, 101, 39, 103, 53, 117, 55, 119, 9, 73, 11, 75, 25, 89, 27, 91, 41, 105, 43, 107, 57, 121, 59, 123, 13, 77, 15, 79, 29, 93, 31, 95, 45, 109, 47, 111, 61, 125, 63, 127